11
31
50
57
66
75
75
91
95
117
125
140
142
147
160
166
185
191
195
208
217
226
236
240
249
254
258
260
263
318
332
341
347
348
357
358
366
371
386
400
403
404
430
437
440
443
450
477
489
490
510
536
552
555
574
590
591
591
608
621
630
695
718
725
738
749
750
776
793
806
809
829
832
846
851
856
868
872
875
882
883
903
907
907
910
918
918
937
945
949
952
968
998
1001
1018
1022
1031
1044
1047
1051
1058
1063
1069
1110
1115
1125
1141
1154
1157
1159
1165
1168
1171
1177
1187
1196
1215
1216
1219
1220
1239
1255
1259
1266
1282
1282
1288
1291
1295
1303
1304
1309
1313
1313
1323
1334
1355
1356
1363
1372
1385
1388
1391
1408
1409
1416
1426
1431
1438
1449
1459
1461
1472
1473
1485
1503
1510
1532
1533
1534
1568
1570
1608
1609
1631
1632
1637
1642
1657
1667
1678
1678
1684
1694
1698
1701
1702
1708
1713
1743
1747
1755
1771
1781
1784
1787
1794
1805
1810
1810
1811
1814
1815
1822
1825
1839
1851
1860
1862
1865
1906
1914
1916
1918
1929
1951
1955
1960
1960
1965
1977
1994
2000
2003
2007
2012
2025
2084
2091
2100
2103
2118
2126
2142
2145
2179
2187
2193
2199
2212
2228
2256
2269
2271
2277
2283
2291
2301
2357
2358
2372
2374
2412
2415
2465
2472
2486
2492
2538
2540
2551
2552
2597
2597
2598
2604
2612
2612
2612
2614
2653
2670
2704
2708
2709
2722
2747
2754
2755
2757
2758
2766
2775
2780
2782
2799
2808
2814
2814
2814
2815
2819
2826
2826
2834
2835
2839
2851
2874
2903
2935
2939
2950
2969
2980
2991
2992
2993
3004
3029
3035
3039
3044
3083
3105
3123
3130
3189
3202
3206
3208
3215
3218
3231
3232
3246
3263
3270
3302
3312
3331
3334
3347
3349
3386
3400
3425
3429
3447
3468
3477
3480
3502
3505
3508
3550
3561
3568
3577
3581
3581
3586
3592
3611
3612
3617
3633
3648
3653
3654
3679
3687
3708
3709
3710
3710
3715
3725
3730
3741
3749
3775
3785
3786
3824
3837
3859
3861
3861
3866
3869
3877
3881
3892
3893
3900
3905
3906
3915
3915
3930
3957
3961
3978
4040
4043
4057
4059
4066
4106
4108
4125
4152
4154
4183
4189
4194
4194
4200
4206
4211
4215
4240
4243
4273
4278
4290
4296
4319
4325
4333
4358
4360
4366
4384
4385
4397
4406
4412
4425
4434
4444
4469
4474
4483
4488
4491
4496
4499
4502
4515
4523
4526
4546
4562
4566
4568
4573
4582
4593
4602
4607
4625
4629
4642
4650
4650
4652
4654
4665
4666
4688
4692
4695
4712
4718
4722
4730
4749
4755
4762
4763
4780
4784
4798
4820
4829
4829
4830
4836
4839
4843
4846
4866
4867
4878
4884
4895
4937
4946
4967
4969
4970
4987
4994
5014
5015
5027
5035
5071
5072
5082
5087
5088
5091
5102
5105
5117
5150
5156
5160
5161
5164
5173
5176
5201
5206
5221
5259
5259
5260
5260
5271
5273
5278
5279
5279
5279
5285
5305
5324
5326
5333
5339
5353
5354
5362
5364
5373
5385
5390
5401
5408
5425
5437
5463
5483
5502
5502
5519
5520
5539
5543
5545
5562
5565
5575
5582
5582
5584
5593
5596
5600
5602
5605
5611
5617
5628
5629
5637
5649
5665
5679
5696
5701
5703
5707
5718
5726
5772
5778
5798
5803
5814
5817
5820
5831
5840
5856
5856
5871
5875
5879
5883
5892
5899
5912
5915
5938
5940
5945
5952
5952
5955
5960
5971
5987
6003
6028
6029
6046
6054
6057
6069
6070
6098
6103
6107
6109
6118
6127
6132
6133
6137
6145
6173
6176
6177
6181
6184
6197
6218
6229
6246
6251
6259
6286
6293
6300
6321
6337
6343
6356
6372
6379
6383
6403
6424
6426
6430
6438
6441
6450
6466
6480
6496
6498
6498
6518
6521
6537
6547
6547
6549
6569
6603
6612
6615
6631
6634
6635
6647
6650
6652
6654
6669
6669
6670
6671
6672
6686
6690
6742
6754
6776
6795
6812
6815
6816
6820
6828
6858
6863
6864
6872
6873
6885
6890
6910
6931
6932
6947
6965
6966
6970
6973
6978
6981
6982
6987
6997
7007
7012
7019
7019
7034
7041
7044
7044
7065
7067
7085
7093
7099
7105
7113
7115
7118
7118
7124
7127
7131
7143
7153
7154
7174
7176
7200
7200
7200
7202
7211
7214
7224
7232
7232
7249
7296
7300
7305
7306
7323
7325
7333
7348
7367
7381
7394
7396
7407
7426
7430
7432
7444
7466
7475
7478
7484
7499
7506
7545
7553
7553
7567
7568
7579
7585
7587
7601
7602
7607
7610
7612
7615
7641
7652
7652
7695
7701
7701
7711
7713
7737
7743
7746
7749
7750
7770
7781
7804
7817
7824
7835
7839
7839
7854
7855
7860
7872
7880
7886
7887
7908
7917
7950
7959
7965
7969
7971
7981
7982
7992
8007
8020
8027
8031
8035
8039
8067
8075
8081
8102
8103
8112
8112
8114
8130
8136
8143
8147
8155
8168
8181
8184
8185
8190
8198
8204
8208
8210
8219
8240
8243
8250
8264
8280
8290
8293
8298
8302
8302
8303
8321
8335
8339
8341
8349
8353
8375
8385
8389
8390
8399
8409
8424
8438
8444
8453
8466
8478
8486
8498
8509
8517
8522
8524
8527
8557
8560
8561
8564
8599
8627
8643
8648
8670
8705
8709
8751
8759
8760
8762
8777
8796
8820
8832
8834
8847
8855
8902
8925
8928
8932
8970
8972
8985
9013
9022
9032
9033
9053
9073
9075
9081
9111
9114
9118
9119
9167
9177
9185
9187
9201
9214
9223
9244
9245
9272
9275
9309
9309
9312
9377
9388
9399
9404
9405
9410
9417
9418
9423
9430
9432
9445
9456
9460
9467
9474
9475
9477
9488
9489
9491
9491
9495
9512
9518
9537
9538
9540
9540
9553
9555
9566
9617
9655
9656
9670
9672
9690
9691
9696
9704
9727
9735
9737
9739
9749
9763
9765
9779
9790
9794
9801
9802
9825
9840
9847
9848
9914
9920
9941
9943
9956
9981
9984
9985
9995
9995
10000
