7701
1266
1334
945
3477
7124
9272
7154
6547
630
6133
3775
7367
9704
9801
8027
6496
2992
6672
1409
240
918
1372
7127
5629
4946
4878
4593
2003
3586
2465
5519
6795
2007
2269
4366
5385
1473
5701
4642
9177
2551
1631
2271
6300
776
4784
875
7602
8031
5798
9467
9914
3749
7426
1862
4688
8820
5164
8498
1747
1141
8709
4762
7044
7232
1851
3568
6466
8453
2851
6293
5562
8198
7224
8390
4994
2993
8385
3044
8114
7971
590
1408
2187
4488
3612
2540
4820
1608
2935
4829
2374
6890
1125
2103
3263
5718
7143
9848
7105
3859
3708
3617
8557
4043
5373
2766
3648
1313
9075
1755
9309
1177
7969
2256
4830
6176
7093
8599
3561
2708
2612
226
8444
7855
1815
3246
4206
2819
4502
6426
7115
371
6932
6654
4846
4154
8184
6612
1743
7612
4867
2012
5883
117
450
2815
1637
9081
5401
8298
2814
9512
5520
91
1794
4798
5273
5915
907
9377
2301
3425
1918
4718
6372
8705
1811
9696
7211
7880
9943
1063
5206
8143
8751
7908
5271
4654
4425
6184
3105
9245
440
2755
9405
2415
7854
2612
6634
3349
1304
2969
2709
1001
6103
6982
8627
7950
7585
6981
8112
1309
8339
3861
1219
8928
6973
9460
7959
5696
7034
5071
8932
6029
5952
7202
7019
11
7817
9423
4108
7781
6652
6286
8409
8204
4607
7545
4730
5593
6978
9739
2782
9995
8466
191
2091
7601
7499
2145
7824
5082
3400
6970
6480
2486
3877
5960
2000
31
3709
7567
8341
1154
6251
918
4562
3961
3231
7200
3710
903
883
695
5364
7711
4722
6742
8335
7232
5437
8759
1215
9737
1159
5027
7750
3633
6816
5945
1282
3679
4566
5584
7695
5600
5803
3915
3824
872
3130
1805
5305
8243
9763
1220
1965
6635
4412
5425
9672
6109
6885
8424
2980
9840
7323
1632
5156
9445
5483
2780
6438
2597
9309
4319
8303
8648
9690
4629
8136
4483
3577
5679
8560
1810
6669
4602
4652
3905
7044
8168
2835
5201
937
437
6003
4040
1416
1810
1426
6218
1977
6631
2775
1438
2670
6987
1814
3892
8486
5279
6518
1069
1058
6569
2472
4434
1678
8112
2834
738
9410
5463
9475
6356
4763
9956
2118
6118
5545
5814
5831
3039
6132
9417
1784
8293
1018
2826
75
142
2722
5353
7982
7484
4211
7652
1929
8130
4969
2604
3505
5543
2808
6547
2142
6549
236
4194
1044
3730
3083
9474
195
6177
5772
8020
7652
4712
6441
57
9033
555
7407
6430
6931
366
8760
1839
2814
6858
1822
7065
8777
5582
7607
7839
147
3654
7749
3785
3978
7067
7992
5326
2704
3508
6997
8522
8399
8302
160
3270
8972
9765
5879
5014
75
477
3906
2874
3331
1781
1825
2814
4895
5952
1678
1431
5279
2358
7249
8527
6690
8349
3930
490
846
1960
7325
4755
7041
1684
6615
5565
4666
6321
5637
1110
5856
1960
5726
7553
3653
749
1449
5871
5856
8075
4406
254
2199
4059
9032
5605
1568
332
9185
1291
9187
8847
5333
2412
9118
3232
10000
8796
9491
1532
4515
4866
9477
4987
2179
7587
260
1187
6864
5072
3447
2598
166
7174
2283
7981
3502
6046
3957
4183
7305
5015
6343
1787
4057
2025
856
7478
8832
3189
718
907
3592
7506
608
9495
8039
5778
3893
7306
4106
7300
7348
1051
7131
9312
3035
1994
9555
4215
8290
6337
6173
4499
4469
1860
3202
9456
2758
9518
5160
5582
868
851
8147
3123
9244
8208
5260
9794
4189
6069
5938
6137
6054
5339
6872
5259
6424
8643
2903
404
9053
1157
4692
357
5971
8081
3869
6671
2757
1708
8155
1165
1865
9388
9418
1356
750
2799
5088
510
2084
9430
8970
5035
4523
6145
1323
7804
9540
6670
1642
2193
9847
5285
9691
443
386
9404
8509
9111
7118
3786
5278
50
2538
4273
403
5987
6537
263
3468
9985
3004
9941
7615
6259
2126
8925
6873
9656
4749
5955
8561
2754
4526
591
832
489
6229
258
7394
7713
1255
5611
6057
7839
6828
1701
6966
4200
6650
7333
4384
1303
4546
7007
5150
9489
9553
7113
1047
1771
1031
217
4444
4780
3710
9749
6379
7176
8375
574
5539
1388
8102
8250
8321
536
2277
8353
347
1570
9214
7381
9432
3581
8855
1461
2653
5617
9825
7296
6820
7118
6197
7965
5899
4194
9013
5575
1288
4650
5817
9995
6603
8524
5602
5408
7568
1694
9566
2372
6498
7085
8181
5260
6812
7641
6107
4358
4360
3741
8210
6686
4839
9670
6521
2991
9790
4496
7200
5362
5087
8564
4296
4278
6776
1363
3550
3206
348
968
9114
7153
1459
1196
6450
2212
9399
9984
4836
9981
5221
4695
3312
1472
1510
998
341
1657
591
4650
2826
6127
5840
5649
7099
7701
1955
1906
3581
3215
6669
1914
7770
4829
621
3302
3347
8240
5596
1702
5390
8264
5354
7737
7579
9119
6947
1609
249
1168
185
8478
4625
2597
5259
400
7012
9802
6910
4937
8438
3429
7917
7746
1282
949
6815
6754
5502
3480
793
430
8302
8103
4967
4385
5091
4843
9727
9537
5820
8762
910
4333
7214
8985
95
5875
3715
9167
3861
3687
4243
7743
8190
1022
4474
208
5912
2839
2612
2492
6647
806
1534
9022
6070
9540
4568
318
5161
1698
829
3837
8670
66
1385
809
2100
1667
6181
7860
5628
4573
8067
3900
4325
5102
9488
7835
3218
9655
1533
6863
9538
5176
7396
1295
9073
4397
2614
8902
8185
552
5117
4290
1916
1259
7475
1239
4665
9223
140
3915
358
3208
6098
5502
8007
2228
3866
1171
3386
5279
5665
2291
7610
5703
5707
6383
4240
3611
9491
7886
9779
1355
2357
9201
2939
4152
5324
8517
882
7887
2950
8834
6028
1216
125
3881
7872
1485
6246
8280
725
1503
6498
3029
4884
4125
7430
1313
9920
4491
9275
7444
2747
3334
6403
5105
4066
7019
9735
9617
1391
8035
7466
5173
7553
4582
7200
1713
8389
5892
8219
6965
5940
3725
4970
1115
1951
952
2552
7432